Mission Results
*********************************

smooth robustness :               0.514249
separation_robustness :           0.64763
goal_robustness :                 0.514654
unsafe_robustness :               0.593751
total trajectory length :         5.0085

----------------------------------------------------------------------------
w_opt = 0.000000 0.000000 5.000000 -0.011158 1.066667 4.746362 -0.292839 2.324608 3.457762 -0.539438 1.547607 1.457762 0.003781 0.103424 0.505436 -0.251341 0.521978 0.507069 -1.923407 2.349772 1.589707 -2.645529 3.403873 3.065184 -2.496993 3.501447 3.508487 -2.500719 3.504670 3.510740 -2.474847 3.260920 2.987979 -1.386707 1.973080 1.441356 -0.423385 0.284933 0.502593 -0.407559 -0.215168 0.499386 -0.406448 -0.164785 0.500250 -0.397502 -0.243477 0.499824 3.000000 -3.000000 3.000000 1.993034 -1.933333 2.363764 0.056911 0.066667 1.671197 -1.714003 2.066667 2.618963 -2.482197 3.285925 3.521006 -2.499423 3.508720 3.500730 -2.506601 3.504658 3.492040 -2.262824 3.282857 3.776553 -0.973423 2.377253 3.030103 -0.204685 1.024912 1.259934 -0.367589 0.123192 0.493664 0.008342 -0.138842 0.501119 0.400630 -0.238624 0.499618 0.440799 -0.063623 0.500148 0.308264 0.281054 0.499945 0.194295 0.406410 0.500037 3.000000 3.000000 3.000000 2.687577 2.936376 2.628684 2.506683 2.918166 2.088813 2.761165 2.883824 1.818570 3.000226 2.391480 1.620879 3.193977 1.232343 1.386071 2.248136 -0.164346 0.862573 0.361094 -0.326117 0.500000 -0.134032 -0.094670 0.500000 0.216615 -0.268502 0.500000 0.397513 -0.379365 0.500000 1.448373 -0.538544 0.894020 2.813023 0.173496 1.368113 3.125181 1.343790 1.530692 2.989561 1.928232 1.587665 3.004222 2.066758 1.599679 0.000000 0.000000 0.000000 -0.020921 2.000000 -0.475571 -0.509846 0.608640 -2.000000 -0.016258 -1.989436 -2.000000 1.032762 -0.967087 -0.035612 -1.382020 1.630989 0.034223 -1.925857 2.000000 2.000000 0.331147 0.226439 1.016520 -0.011248 -0.015183 -0.058262 0.002854 0.019327 0.055203 0.046013 -0.473942 -1.028478 1.999999 -2.000000 -2.000000 0.056229 -1.415275 -0.010182 -0.019526 0.300676 0.002896 0.019169 -0.168625 -0.000913 0.000000 0.000000 0.000000 0.000000 0.000000 0.000000 -1.888062 2.000000 -1.192942 -1.978176 2.000000 -0.254740 -1.589559 2.000000 1.999958 -0.049500 0.536110 -0.058633 0.011015 -0.051356 0.013286 -0.023098 0.037321 -0.027918 0.477293 -0.448533 0.557889 1.999996 -1.305540 -1.887747 -0.308614 -1.393292 -1.667287 -0.035408 -0.471593 0.022119 0.735852 -0.078671 -0.005376 0.091670 -0.118253 0.001890 -0.004895 0.431598 -0.000660 -0.244219 0.268620 0.000197 0.000000 0.000000 0.000000 0.000000 0.000000 0.000000 -0.585793 -0.119295 -0.696217 0.173393 0.070239 -0.403069 0.325435 -0.125849 -0.154019 0.163483 -0.813028 -0.235905 0.220235 -1.461981 -0.233848 -1.966157 -1.339559 -0.776942 -1.817817 0.868795 -0.000000 0.662229 -0.326233 0.000000 0.078013 -0.040481 -0.000000 0.270922 -0.172447 0.000000 1.733306 -0.147570 0.738787 1.042075 1.464198 0.242486 -0.326519 0.913130 0.092661 0.031417 0.296840 0.025745 0.000000 0.000000 0.000000
----------------------------------------------------------------------------
Time Taken : 20.9 second(s)
